{
    "reporters": {
        "stats": {
            "type": "PolynomialChaosReporter",
            "values": {
                "model_Tfuel_max_MEAN": {
                    "stat": "MEAN",
                    "type": "std::pair<double, std::vector<double>>"
                },
                "model_Tfuel_max_SOBOL": {
                    "type": "SobolIndices<double>"
                },
                "model_Tfuel_max_STDDEV": {
                    "stat": "STDDEV",
                    "type": "std::pair<double, std::vector<double>>"
                },
                "model_Trpv_max_MEAN": {
                    "stat": "MEAN",
                    "type": "std::pair<double, std::vector<double>>"
                },
                "model_Trpv_max_SOBOL": {
                    "type": "SobolIndices<double>"
                },
                "model_Trpv_max_STDDEV": {
                    "stat": "STDDEV",
                    "type": "std::pair<double, std::vector<double>>"
                },
                "model_eigenvalue_MEAN": {
                    "stat": "MEAN",
                    "type": "std::pair<double, std::vector<double>>"
                },
                "model_eigenvalue_SOBOL": {
                    "type": "SobolIndices<double>"
                },
                "model_eigenvalue_STDDEV": {
                    "stat": "STDDEV",
                    "type": "std::pair<double, std::vector<double>>"
                },
                "model_peaking_factor_MEAN": {
                    "stat": "MEAN",
                    "type": "std::pair<double, std::vector<double>>"
                },
                "model_peaking_factor_SOBOL": {
                    "type": "SobolIndices<double>"
                },
                "model_peaking_factor_STDDEV": {
                    "stat": "STDDEV",
                    "type": "std::pair<double, std::vector<double>>"
                },
                "model_pebble_power_max_MEAN": {
                    "stat": "MEAN",
                    "type": "std::pair<double, std::vector<double>>"
                },
                "model_pebble_power_max_SOBOL": {
                    "type": "SobolIndices<double>"
                },
                "model_pebble_power_max_STDDEV": {
                    "stat": "STDDEV",
                    "type": "std::pair<double, std::vector<double>>"
                }
            }
        }
    },
    "time_steps": [
        {
            "stats": {
                "model_Tfuel_max_MEAN": [
                    900.0,
                    []
                ],
                "model_Tfuel_max_SOBOL": {
                    "FIRST_ORDER": [
                        [
                            0.01257997286246168,
                            0.03041012508916328,
                            0.0002771875759247925,
                            0.039892521660431106,
                            0.16584401784880812,
                            0.05298935170619033
                        ],
                        []
                    ],
                    "SECOND_ORDER": [
                        [
                            [
                                0.01257997286246168,
                                9.393065844461928e-07,
                                0.013754960907068967,
                                0.0895896568877264,
                                0.011737377716579555,
                                0.004212257031411651
                            ],
                            [
                                9.393065844461928e-07,
                                0.03041012508916328,
                                0.001069839190687742,
                                0.007117676303871403,
                                0.45943292514691414,
                                0.005725558639332129
                            ],
                            [
                                0.013754960907068967,
                                0.001069839190687742,
                                0.0002771875759247925,
                                0.0015659739601354607,
                                2.0456226647595418e-05,
                                0.013172622293278653
                            ],
                            [
                                0.0895896568877264,
                                0.007117676303871403,
                                0.0015659739601354607,
                                0.039892521660431106,
                                0.034262638469179096,
                                0.05573254086716917
                            ],
                            [
                                0.011737377716579555,
                                0.45943292514691414,
                                2.0456226647595418e-05,
                                0.034262638469179096,
                                0.16584401784880812,
                                0.0006114003104343799
                            ],
                            [
                                0.004212257031411651,
                                0.005725558639332129,
                                0.013172622293278653,
                                0.05573254086716917,
                                0.0006114003104343799,
                                0.05298935170619033
                            ]
                        ],
                        []
                    ],
                    "TOTAL": [
                        [
                            0.3704655484105748,
                            1.4504509408513329,
                            0.08902874530938007,
                            0.6046979811246758,
                            1.6840384114580724,
                            0.29135248913106826
                        ],
                        []
                    ]
                },
                "model_Tfuel_max_STDDEV": [
                    3.3262926558724645e-13,
                    []
                ],
                "model_Trpv_max_MEAN": [
                    508.67704369080093,
                    []
                ],
                "model_Trpv_max_SOBOL": {
                    "FIRST_ORDER": [
                        [
                            0.0009547524026726761,
                            0.0014207516285417823,
                            0.00037153224853479723,
                            5.447623809102238e-05,
                            2.4498180796325374e-06,
                            0.9970348711060544
                        ],
                        []
                    ],
                    "SECOND_ORDER": [
                        [
                            [
                                0.0009547524026726761,
                                0.0001377316534078062,
                                2.0518652183969442e-06,
                                4.2493664172542744e-08,
                                8.394277016125509e-07,
                                4.848623258981075e-06
                            ],
                            [
                                0.0001377316534078062,
                                0.0014207516285417823,
                                1.3360444535600169e-06,
                                1.0258192486960422e-10,
                                1.6325518618357859e-06,
                                9.755043077849351e-06
                            ],
                            [
                                2.0518652183969442e-06,
                                1.3360444535600169e-06,
                                0.00037153224853479723,
                                9.594126581260345e-10,
                                7.477843156616019e-07,
                                1.02917855623513e-06
                            ],
                            [
                                4.2493664172542744e-08,
                                1.0258192486960422e-10,
                                9.594126581260345e-10,
                                5.447623809102238e-05,
                                1.7502006061531747e-07,
                                7.341855563600661e-07
                            ],
                            [
                                8.394277016125509e-07,
                                1.6325518618357859e-06,
                                7.477843156616019e-07,
                                1.7502006061531747e-07,
                                2.4498180796325374e-06,
                                2.4162489762344017e-07
                            ],
                            [
                                4.848623258981075e-06,
                                9.755043077849351e-06,
                                1.02917855623513e-06,
                                7.341855563600661e-07,
                                2.4162489762344017e-07,
                                0.9970348711060544
                            ]
                        ],
                        []
                    ],
                    "TOTAL": [
                        [
                            0.0013912945924255838,
                            0.001872117814690711,
                            0.0003870297444043327,
                            5.7334521918215145e-05,
                            1.3359044591678627e-05,
                            0.9970846970720956
                        ],
                        []
                    ]
                },
                "model_Trpv_max_STDDEV": [
                    8.443422977265923,
                    []
                ],
                "model_eigenvalue_MEAN": [
                    0.8981582016582491,
                    []
                ],
                "model_eigenvalue_SOBOL": {
                    "FIRST_ORDER": [
                        [
                            0.028642099710355123,
                            0.03487455074611669,
                            0.7853226886305582,
                            0.001392371780872762,
                            0.01974750604585268,
                            0.0006383131441702434
                        ],
                        []
                    ],
                    "SECOND_ORDER": [
                        [
                            [
                                0.028642099710355123,
                                0.03810201079240759,
                                0.03047195967315446,
                                0.0004965752686805555,
                                0.0005633980474389308,
                                8.27907515229509e-05
                            ],
                            [
                                0.03810201079240759,
                                0.03487455074611669,
                                0.05523018742371941,
                                0.001547412519408598,
                                0.001272197871796282,
                                2.0062878772652918e-05
                            ],
                            [
                                0.03047195967315446,
                                0.05523018742371941,
                                0.7853226886305582,
                                0.0006088046861375672,
                                4.4646983380433506e-05,
                                4.029514340206943e-07
                            ],
                            [
                                0.0004965752686805555,
                                0.001547412519408598,
                                0.0006088046861375672,
                                0.001392371780872762,
                                0.00024276439301693366,
                                0.000585677734711594
                            ],
                            [
                                0.0005633980474389308,
                                0.001272197871796282,
                                4.4646983380433506e-05,
                                0.00024276439301693366,
                                0.01974750604585268,
                                0.00011357796649291852
                            ],
                            [
                                8.27907515229509e-05,
                                2.0062878772652918e-05,
                                4.029514340206943e-07,
                                0.000585677734711594,
                                0.00011357796649291852,
                                0.0006383131441702434
                            ]
                        ],
                        []
                    ],
                    "TOTAL": [
                        [
                            0.23779230330996862,
                            0.3233901652044303,
                            1.044390693784036,
                            0.011836075586738506,
                            0.02645726183222918,
                            0.0030458499929726544
                        ],
                        []
                    ]
                },
                "model_eigenvalue_STDDEV": [
                    0.13968195828109972,
                    []
                ],
                "model_peaking_factor_MEAN": [
                    2.084361377709256,
                    []
                ],
                "model_peaking_factor_SOBOL": {
                    "FIRST_ORDER": [
                        [
                            0.0907798737470402,
                            0.09940731981292196,
                            0.019888108685075647,
                            0.08521630618678128,
                            0.008850094110822418,
                            0.0074464418073768275
                        ],
                        []
                    ],
                    "SECOND_ORDER": [
                        [
                            [
                                0.0907798737470402,
                                0.43840316428347237,
                                0.057158505774728224,
                                0.019826785546142596,
                                2.6436341401124336e-05,
                                0.0012791750470447065
                            ],
                            [
                                0.43840316428347237,
                                0.09940731981292196,
                                0.11571183715475825,
                                0.028568469788517487,
                                0.001489350255102243,
                                2.0475604448132835e-06
                            ],
                            [
                                0.057158505774728224,
                                0.11571183715475825,
                                0.019888108685075647,
                                0.013910135094609106,
                                0.0020410153824971795,
                                6.0292733766666356e-05
                            ],
                            [
                                0.019826785546142596,
                                0.028568469788517487,
                                0.013910135094609106,
                                0.08521630618678128,
                                0.003307211389496857,
                                0.006528220753683411
                            ],
                            [
                                2.6436341401124336e-05,
                                0.001489350255102243,
                                0.0020410153824971795,
                                0.003307211389496857,
                                0.008850094110822418,
                                9.920854431705798e-05
                            ],
                            [
                                0.0012791750470447065,
                                2.0475604448132835e-06,
                                6.0292733766666356e-05,
                                0.006528220753683411,
                                9.920854431705798e-05,
                                0.0074464418073768275
                            ]
                        ],
                        []
                    ],
                    "TOTAL": [
                        [
                            1.640862074725407,
                            1.8519319269398073,
                            0.586533467106154,
                            0.30163877390412963,
                            0.029739759849265808,
                            0.0313532757251468
                        ],
                        []
                    ]
                },
                "model_peaking_factor_STDDEV": [
                    0.22537021644530597,
                    []
                ],
                "model_pebble_power_max_MEAN": [
                    3002.942747264958,
                    []
                ],
                "model_pebble_power_max_SOBOL": {
                    "FIRST_ORDER": [
                        [
                            0.1711033109217154,
                            0.4114475502877131,
                            0.0699150077027667,
                            0.014441262697150998,
                            0.041498998686998474,
                            0.06364413263499913
                        ],
                        []
                    ],
                    "SECOND_ORDER": [
                        [
                            [
                                0.1711033109217154,
                                0.06936998498545068,
                                0.035626944795963233,
                                0.001014306100612315,
                                0.0033040714446747593,
                                2.565046701151177e-06
                            ],
                            [
                                0.06936998498545068,
                                0.4114475502877131,
                                0.07645533945802022,
                                0.006607699780929567,
                                0.015768813797974814,
                                0.0026975606443300523
                            ],
                            [
                                0.035626944795963233,
                                0.07645533945802022,
                                0.0699150077027667,
                                0.005209997186732507,
                                0.0011306800246241645,
                                0.00020485505115871405
                            ],
                            [
                                0.001014306100612315,
                                0.006607699780929567,
                                0.005209997186732507,
                                0.014441262697150998,
                                0.004021079424098599,
                                0.00648965039651986
                            ],
                            [
                                0.0033040714446747593,
                                0.015768813797974814,
                                0.0011306800246241645,
                                0.004021079424098599,
                                0.041498998686998474,
                                4.6188930866232145e-05
                            ],
                            [
                                2.565046701151177e-06,
                                0.0026975606443300523,
                                0.00020485505115871405,
                                0.00648965039651986,
                                4.6188930866232145e-05,
                                0.06364413263499913
                            ]
                        ],
                        []
                    ],
                    "TOTAL": [
                        [
                            0.49905692804192175,
                            0.924145746287829,
                            0.42579845725226334,
                            0.08446946136382953,
                            0.1143114995537142,
                            0.09196659284372717
                        ],
                        []
                    ]
                },
                "model_pebble_power_max_STDDEV": [
                    886.2699217402217,
                    []
                ]
            },
            "time": 1.0,
            "time_step": 1
        }
    ]
}
